500 0.0 -26.0 17.0 0.0 -119.0 -89.0 0.0 0.0 64.0 -107.0 31.0 0.0 0.0 0.0 64.0 -116.0 31.0 0.0 14.0 0.0 119.0 89.0
500 0.0 -26.0 37.0 91.0 -41.0 -85.0 0.0 0.0 64.0 -107.0 31.0 0.0 0.0 0.0 64.0 -116.0 31.0 0.0 87.0 -95.0 -24.0 90.0
500 0.0 -26.0 -22.0 95.0 -34.0 -85.0 0.0 0.0 64.0 -107.0 31.0 0.0 0.0 0.0 64.0 -116.0 31.0 0.0 -75.0 -81.0 82.0 90.0
500 0.0 -26.0 -109.0 -1.0 -120.0 -90.0 1.0 2.0 -8.0 -53.0 6.0 0.0 1.0 2.0 -8.0 -55.0 6.0 -10.0 -120.0 1.0 120.0 90.0
500 0.0 -26.0 -109.0 -1.0 -120.0 -90.0 1.0 2.0 -8.0 -55.0 75.0 0.0 1.0 2.0 -8.0 -55.0 75.0 -10.0 -120.0 1.0 120.0 90.0
500 10.0 -28.0 -120.0 42.0 -120.0 -90.0 1.0 2.0 -8.0 1.0 75.0 0.0 1.0 2.0 -8.0 1.0 75.0 -10.0 -120.0 -42.0 120.0 90.0
1000 10.0 -28.0 -120.0 42.0 -120.0 -90.0 1.0 2.0 52.0 -31.0 75.0 0.0 1.0 2.0 52.0 -31.0 75.0 -10.0 -120.0 -42.0 120.0 90.0
1000 10.0 -28.0 -39.0 42.0 -48.0 -61.0 1.0 2.0 52.0 -31.0 75.0 0.0 1.0 2.0 52.0 -31.0 75.0 -10.0 -39.0 -42.0 51.0 61.0
1000 10.0 -28.0 -39.0 42.0 -48.0 -61.0 -58.0 -25.0 100.0 -84.0 13.0 0.0 1.0 25.0 100.0 -84.0 13.0 -10.0 -39.0 -42.0 51.0 61.0
500 0.0 0.0 0.0 25.0 5.0 -40.0 -90.0 0.0 100.0 -130.0 -10.0 11.0 -88.0 0.0 100.0 -130.0 -10.0 -13.0 0.0 -19.0 -5.0 40.0
500 0.0 0.0 0.0 25.0 5.0 -40.0 -25.0 0.0 100.0 -130.0 38.0 0.0 -24.0 0.0 100.0 -130.0 37.0 0.0 0.0 -19.0 -5.0 40.0
2500 0.0 0.0 -120.0 0.0 -90.0 -90.0 0.0 0.0 31.0 -63.0 31.0 0.0 0.0 0.0 31.0 -63.0 31.0 0.0 -120.0 0.0 90.0 90.0
